756
68
666
1018
295
616
572
550
424
275
491
842
1001
645
309
458
400
858
410
821
960
697
496
538
411
717
262
541
5
377
904
585
682
327
290
424
578
674
232
529
20
326
246
322
696
500
339
47
34
106
540
153
220
402
222
225
147
506
323
543
981
132
241
111
793
351
687
395
768
309
201
415
474
166
694
600
620
1014
505
62
1009
770
581
581
862
377
228
926
490
840
858
979
206
342
325
275
585
626
391
203
1000
138
679
630
516
541
629
181
140
1010
237
162
261
779
606
865
462
725
204
505
681
929
146
866
631
343
75
224
579
617
1011
143
386
775
842
574
921
146
889
640
672
338
1016
1
870
107
687
791
693
525
860
921
983
1004
564
244
88
496
461
123
270
813
59
511
87
789
890
672
418
748
268
482
561
893
226
260
797
780
896
141
154
907
861
39
636
273
392
176
506
135
401
143
178
677
167
580
238
797
1022
323
806
21
628
259
198
475
371
594
48
724
281
747
517
950
918
842
929
1015
982
703
740
646
865
450
824
696
895
646
975
389
415
977
813
756
761
522
999
980
883
660
682
941
961
346
382
758
721
171
76
392
614
841
670
339
771
188
679
336
778
1004
387
182
293
1007
192
625
485
800
284
208
169
113
656
382
962
770
398
435
980
1010
392
683
639
629
177
600
63
550
263
84
401
927
657
793
856
839
741
372
638
620
494
55
734
658
1004
47
354
778
188
85
360
198
90
72
363
107
164
763
735
680
97
427
348
711
897
789
255
897
166
741
14
535
996
369
986
926
709
935
234
154
401
836
597
719
460
840
112
340
511
166
681
745
700
831
179
650
220
785
740
581
267
428
475
72
135
998
357
574
804
976
674
732
660
745
355
438
741
145
215
344
75
192
871
914
544
759
478
19
809
375
461
313
795
178
814
808
349
767
327
282
272
145
721
246
589
938
346
291
173
268
1000
158
783
177
223
330
149
699
804
136
752
174
643
520
478
733
846
223
1008
546
327
729
145
466
448
528
836
496
257
189
45
417
746
847
467
480
730
186
36
115
719
274
186
798
462
600
92
790
389
916
456
184
815
547
431
891
952
339
2
548
801
45
620
825
807
402
32
439
287
650
724
519
805
728
269
815
117
978
414
70
281
367
107
554
197
418
115
373
255
486
782
172
642
794
114
698
485
912
380
413
888
865
686
352
623
771
116
841
834
29
171
339
339
153
355
478
978
1019
228
934
477
754
752
498
492
301
840
270
109
368
370
762
427
999
440
100
756
698
884
468
763
225
139
295
379
826
568
830
541
985
779
503
668
927
561
604
39
526
1013
795
7
859
903
823
897
197
508
252
766
806
663
312
105
968
71
680
217
889
112
433
368
994
750
80
899
788
856
596
1018
356
897
459
506
377
837
954
194
675
386
273
211
366
612
989
84
632
742
192
692
895
405
158
913
702
151
666
217
122
237
577
47
728
757
516
912
1009
51
492
310
552
592
649
700
700
867
44
900
665
880
598
598
372
814
879
585
790
14
187
743
760
376
651
908
529
856
176
527
748
473
821
164
1021
624
846
769
53
541
139
704
468
238
593
773
895
708
395
864
914
345
669
501
439
898
921
218
696
434
694
704
657
960
254
726
202
1002
326
1002
771
793
867
721
465
615
923
10
968
478
602
158
729
130
38
586
991
402
469
736
116
780
254
747
777
367
173
914
310
196
603
959
78
735
797
128
55
739
283
173
120
516
324
971
916
401
320
48
151
561
422
104
750
109
112
984
123
622
940
673
489
776
116
199
317
504
543
147
686
362
441
53
951
191
433
686
106
140
466
1005
775
998
884
56
461
733
500
718
784
582
865
971
908
190
376
331
761
235
723
978
736
261
93
492
940
917
777
784
4
381
452
458
600
313
936
282
186
868
626
279
752
126
310
727
711
1004
849
915
682
64
928
775
626
187
1007
280
640
16
180
697
265
107
254
527
434
178
680
467
861
779
722
1017
66
158
657
911
65
668
998
487
374
128
749
760
783
917
855
258
602
952
538
881
546
351
871
260
60
218
221
302
349
729
1020
189
815
559
220
441
163
725
287
655
136
562
804
110
605
153
381
242
355
20
676
768
503
96
233
753
287
56
687
498
611
983
728
170
990
184
382
286
148
672
228
978
262
478
684
49
516
721
330
47
451
684
440
813
815
374
363
29
898
341
135
742
534
779
79
266
631
961
479
390
189
4
285
1018
25
13
1005
777
941
325
420
515
417
264
704
449
115
169
214
209
654
695
715
724
31
383
327
803
804
722
871
697
453
265
946
333
744
325
335
446
256
764
373
436
805
177
290
133
106
514
784
341
363
744
485
130
37
59
681
63
523
372
894
126
86
951
651
532
668
529
314
279
932
766
931
651
121
814
72
318
445
392
2
497
832
112
571
696
465
69
350
420
852
814
908
670
277
535
913
150
92
758
534
478
322
83
791
976
962
519
920
439
787
836
916
749
821
469
55
64
203
679
589
154
808
905
249
226
172
560
170
797
337
126
587
217
897
516
698
203
811
709
636
951
789
828
431
144
116
417
63
993
186
105
605
619
431
524
301
783
963
522
959
1007
674
816
65
721
10
791
371
196
217
751
91
261
107
378
569
803
546
603
701
98
326
657
632
93
784
575
401
240
769
942
697
341
376
916
608
141
132
663
553
770
759
13
156
874
444
518
284
750
874
652
24
140
536
553
901
954
884
938
907
588
783
291
894
407
763
563
785
727
664
905
966
718
939
935
681
174
432
230
574
57
882
187
184
807
728
56
619
456
770
470
132
746
148
113
1016
765
82
916
186
629
1006
247
305
880
285
838
489
665
752
548
393
844
354
880
261
763
814
455
20
976
483
74
485
659
57
929
525
975
678
64
453
48
557
488
338
48
375
113
452
754
36
456
739
110
99
308
359
719
704
989
359
793
62
654
276
271
678
186
935
596
798
189
152
208
765
357
785
85
734
177
418
899
1012
984
566
1001
925
141
582
364
313
898
844
237
572
43
891
550
130
452
685
213
739
405
925
285
8
629
342
809
892
397
235
530
262
94
873
515
567
6
10
411
575
446
683
658
5
168
640
416
630
200
263
410
796
847
314
479
755
32
777
1010
377
141
775
104
517
865
612
773
857
548
795
546
378
922
108
337
448
909
909
836
297
972
157
747
242
628
985
989
361
366
786
505
765
825
863
77
407
234
783
823
557
369
993
457
660
541
376
626
917
99
9
731
324
219
855
784
397
907
481
992
272
360
89
134
559
794
345
905
612
256
338
736
472
116
709
858
306
592
693
829
429
688
348
45
878
506
797
80
532
796
442
688
912
789
455
737
311
439
94
995
789
939
277
585
389
437
45
411
255
313
268
250
48
511
237
770
80
307
471
245
944
432
459
277
658
382
578
81
574
152
983
804
594
243
576
443
90
957
130
854
416
994
357
240
838
469
38
802
145
141
365
837
904
974
126
983
958
937
179
31
876
326
810
788
706
225
187
380
383
275
45
849
704
851
169
104
789
444
110
85
218
529
967
393
709
510
58
957
187
160
3
404
744
328
449
379
782
892
110
468
29
63
916
85
5
147
958
170
968
315
813
610
467
965
717
520
654
200
872
400
818
875
792
1014
731
550
770
33
478
205
321
781
860
970
801
297
279
169
910
766
389
987
460
274
35
947
104
780
12
181
110
536
202
784
220
653
364
361
599
206
472
218
797
366
611
571
827
151
415
160
256
172
116
290
433
45
115
995
638
731
102
588
437
541
812
665
54
163
196
152
807
329
423
941
488
318
91
538
73
357
325
381
251
763
191
154
69
891
874
603
760
958
197
533
421
615
1023
269
13
382
778
315
217
859
1009
334
396
710
107
496
693
604
944
74
105
821
651
459
752
707
433
293
959
1021
593
153
678
957
236
373
843
103
615
219
727
204
863
451
495
590
444
67
742
580
137
527
49
672
515
60
795
463
1007
585
698
480
561
607
801
745
923
728
215
166
259
255
136
868
664
278
763
29
886
926
324
997
887
978
315
644
844
885
556
101
717
973
464
943
398
1008
380
177
435
62
921
387
261
815
340
234
69
847
150
125
192
646
567
518
35
669
111
43
657
766
397
590
755
955
747
945
399
466
33
478
221
176
633
582
149
243
163
808
781
116
682
948
194
901
551
881
564
887
693
220
1016
608
676
850
264
26
1010
47
861
143
374
824
704
820
95
566
477
980
477
996
409
143
286
523
677
290
380
748
339
873
245
478
937
290
731
824
437
755
716
881
31
175
997
390
261
725
51
156
770
345
106
231
656
935
986
970
401
486
158
832
296
889
23
122
461
716
921
458
417
589
355
959
254
696
469
402
339
664
221
192
559
779
947
1017
155
453
710
313
173
87
1014
821
346
177
259
504
652
742
581
718
372
48
414
865
802
820
430
34
339
391
325
490
394
624
798
737
610
752
458
672
802
767
1002
402
402
25
161
928
525
249
73
525
472
677
357
158
946
682
471
511
684
681
84
866
827
274
532
873
652
816
206
70
23
102
227
289
375
696
986
697
121
140
780
847
883
946
672
448
983
419
186
1009
775
262
240
111
363
121
1022
855
962
653
954
628
693
786
842
168
178
406
916
141
503
296
1014
603
749
354
823
269
184
166
190
703
12
935
514
91
578
555
66
116
171
272
630
370
548
397
901
752
746
443
184
610
688
596
111
763
239
442
275
206
894
59
75
819
866
403
627
620
999
946
586
136
1008
704
234
392
395
607
510
705
968
48
47
385
716
920
479
245
545
708
538
842
336
234
457
531
690
466
297
491
131
662
380
347
56
934
767
766
18
14
795
738
756
508
735
818
626
124
430
18
810
647
53
715
855
828
928
40
931
877
270
544
573
93
322
180
44
968
155
539
227
292
838
541
21
39
434
189
458
137
324
26
179
779
333
407
698
952
57
570
990
363
265
594
830
657
259
93
627
816
423
808
803
41
742
824
723
954
399
873
253
838
522
213
867
601
840
503
162
743
506
273
266
724
1
458
429
697
38
540
438
486
524
621
509
931
610
252
728
444
861
127
51
60
358
523
995
632
16
563
567
335
844
372
208
689
224
977
947
606
533
954
157
1008
432
50
151
540
548
561
969
821
6
327
915
753
193
899
730
368
395
147
160
890
664
44
216
9
653
941
888
775
567
767
463
344
125
191
537
539
659
415
337
301
113
777
838
751
388
262
241
330
419
863
262
496
580
514
713
484
1008
166
803
572
1012
434
1013
550
602
91
428
553
23
525
790
173
390
781
884
958
277
604
720
13
575
222
144
311
186
955
76
842
1009
518
221
390
692
413
438
608
814
848
632
205
792
581
192
700
45
666
67
228
222
845
286
961
326
857
103
473
96
546
776
836
376
787
717
619
479
134
443
528
739
484
932
143
1022
269
504
99
334
762
478
491
581
929
131
622
162
280
434
94
928
510
166
217
877
791
796
629
221
54
684
317
352
96
88
1015
818
302
614
681
465
371
107
603
692
799
425
541
570
99
410
332
225
22
717
786
184
344
1009
812
791
629
816
1008
653
780
958
398
282
368
433
662
670
846
19
442
914
400
309
214
1014
898
327
301
650
307
806
245
65
287
885
535
1011
266
495
560
594
559
251
987
543
154
897
306
158
467
253
914
583
700
978
159
958
188
480
136
773
541
856
397
241
435
975
190
730
447
402
5
151
530
826
358
681
374
896
902
183
585
850
874
59
619
550
898
890
603
142
998
185
924
268
991
430
606
808
169
821
602
193
375
324
766
417
184
801
714
340
665
978
506
825
203
726
101
217
902
274
677
632
974
526
632
490
757
353
614
936
865
106
164
547
655
65
313
856
88
1005
863
165
883
728
556
219
828
896
113
148
691
622
995
199
200
364
888
921
470
755
276
886
621
483
613
97
852
374
267
904
718
375
509
284
797
687
40
95
581
929
601
511
786
375
92
162
860
315
870
962
906
330
432
187
853
774
357
546
975
204
702
345
675
38
363
608
670
65
310
494
366
161
483
449
682
19
602
818
19
995
776
12
794
848
898
414
930
829
875
527
6
553
665
1010
606
97
115
26
766
116
669
432
64
1000
728
130
900
43
35
414
884
972
806
544
909
1003
465
72
219
495
577
720
3
375
227
636
135
658
475
498
326
50
423
972
578
734
255
748
934
936
0
271
520
863
138
933
1003
517
999
737
136
643
941
780
974
668
485
30
935
800
108
911
637
98
922
107
765
747
34
421
282
112
57
685
85
258
1019
580
828
133
266
912
49
99
376
363
877
386
487
1
581
627
750
154
939
492
447
948
503
376
7
341
488
109
790
927
741
798
576
933
137
595
131
125
351
758
362
151
746
527
304
332
745
243
41
186
472
439
350
464
698
1003
119
677
22
389
735
270
576
28
34
367
729
599
410
977
409
420
330
821
588
45
10
808
27
776
741
920
525
173
959
742
206
942
314
572
430
418
475
33
748
610
617
331
309
889
918
948
616
981
738
1008
412
963
699
189
100
282
489
220
338
949
553
799
953
551
536
196
183
683
595
513
371
90
477
224
676
161
449
589
339
241
1016
365
225
184
396
306
587
913
1022
45
173
951
486
675
773
192
729
738
826
648
655
981
605
107
837
471
558
183
865
453
994
96
597
599
35
758
197
944
89
725
1004
307
296
412
60
409
569
224
836
320
830
801
215
710
560
252
875
471
731
675
959
67
925
395
961
340
875
612
174
862
276
846
123
919
970
586
628
41
222
1006
803
134
715
606
883
1020
374
119
789
649
948
333
547
1008
525
984
515
268
704
746
399
869
774
356
114
769
411
682
469
637
635
852
572
348
1001
551
170
158
182
323
780
404
960
925
468
756
185
688
741
41
554
112
943
748
183
384
667
792
932
932
937
186
664
121
87
104
161
100
710
469
121
456
24
162
520
124
540
886
297
380
45
336
433
734
855
284
174
8
444
901
748
545
310
779
190
197
318
597
762
765
13
200
326
110
768
344
402
720
577
926
230
930
932
811
350
540
207
285
371
358
158
1008
123
775
966
406
115
416
184
969
253
986
712
672
933
925
142
352
360
387
396
405
375
140
786
98
312
531
95
534
398
512
521
1023
346
832
159
131
322
114
652
364
177
227
318
132
30
445
392
610
146
891
837
899
100
928
63
925
327
681
591
815
904
576
197
861
656
946
265
1019
688
675
643
1000
30
1
441
925
826
310
695
517
534
930
692
912
822
72
242
899
404
967
742
914
487
653
921
432
293
327
590
38
71
411
101
994
332
794
639
274
384
112
227
498
254
222
801
994
884
491
757
700
550
342
621
612
822
846
334
673
546
229
437
299
398
707
1018
517
580
23
473
524
889
468
212
977
82
537
979
676
678
1008
14
1009
774
828
300
720
506
237
172
471
654
886
133
818
525
897
265
758
269
225
527
947
427
968
849
329
792
570
19
508
597
449
518
458
58
355
875
1019
189
977
123
763
881
481
7
613
333
318
860
864
943
862
361
814
160
181
292
2
90
41
809
18
8
709
676
750
460
945
370
272
518
98
899
436
468
270
387
746
725
355
697
1001
51
376
559
422
224
772
787
421
799
718
93
783
327
612
946
518
963
528
904
309
94
776
140
427
702
485
576
233
557
342
745
313
160
278
680
66
753
283
487
986
624
273
758
283
922
6
758
441
552
103
503
914
588
43
605
647
823
334
904
139
734
641
948
1017
766
32
285
43
861
356
615
72
340
474
574
93
138
787
570
176
258
669
261
849
600
51
959
1009
71
49
673
503
111
587
225
209
341
125
982
648
684
581
349
152
723
17
379
766
414
755
836
402
89
156
251
919
778
904
890
401
759
886
212
342
616
539
570
104
430
23
283
130
356
552
911
625
501
670
1014
805
95
783
988
776
54
587
545
911
747
658
86
782
78
5
873
720
82
859
901
871
528
213
820
833
15
884
455
892
451
105
247
763
595
717
460
954
160
914
190
606
130
442
283
17
340
710
936
652
436
882
139
629
132
159
104
1004
820
145
203
353
324
90
966
168
260
406
731
591
415
89
283
815
599
358
144
65
786
162
729
179
534
968
276
571
785
349
769
940
860
999
355
455
896
346
938
595
506
723
208
368
827
136
897
296
755
511
382
839
655
639
579
364
256
453
232
865
959
247
325
936
270
990
89
598
896
591
1005
549
699
490
372
964
381
8
54
881
221
1006
685
202
212
327
815
224
507
721
974
654
150
342
381
265
210
734
628
183
75
547
981
581
209
581
655
1012
108
703
898
307
669
922
741
115
743
480
741
823
142
84
399
106
927
96
496
246
816
847
123
658
233
956
683
219
452
842
489
167
16
150
431
406
700
362
238
490
466
308
685
152
66
950
499
414
737
1022
232
152
177
921
823
398
99
516
950
17
794
99
329
134
114
373
772
961
961
456
911
214
669
41
975
299
158
607
194
722
100
537
171
278
476
548
880
852
448
993
576
525
605
247
632
568
409
325
968
733
52
283
402
223
590
937
914
282
298
439
452
173
561
151
898
921
826
344
493
396
8
61
399
247
276
109
831
102
909
1004
68
529
670
970
445
430
495
155
832
138
366
807
193
984
591
354
949
329
337
926
888
477
580
511
236
760
200
559
356
440
599
340
192
134
390
575
729
747
647
998
31
933
243
21
384
251
710
608
908
845
172
860
215
495
891
15
927
568
768
420
687
213
510
355
387
355
884
225
941
62
287
628
888
659
832
490
970
189
415
379
335
718
464
763
723
875
693
341
240
222
324
564
234
102
650
3
727
977
752
24
771
333
702
300
658
380
989
527
871
966
225
153
837
243
327
228
564
1017
762
184
39
274
284
839
475
786
4
283
258
760
643
76
929
451
108
246
695
135
595
490
31
703
660
420
951
741
920
894
962
320
851
291
139
254
17
69
844
898
627
147
77
511
180
485
80
326
817
698
301
988
553
741
442
592
193
643
237
459
331
304
69
233
711
379
357
711
938
151
771
94
479
595
256
15
12
331
984
894
22
864
829
932
743
615
1023
800
367
286
303
718
744
100
132
155
95
169
509
152
368
931
712
77
593
578
867
79
786
743
257
21
34
977
559
7
22
471
695
472
678
861
709
790
248
897
328
511
802
405
411
151
746
210
101
503
975
74
958
488
78
799
659
688
94
243
843
300
317
671
426
799
622
808
1014
970
3
239
857
701
536
807
903
236
416
908
416
5
612
82
600
1
584
604
853
762
464
943
985
828
484
550
160
926
720
615
780
531
143
789
895
124
73
72
776
960
794
826
67
287
533
579
890
451
905
263
528
152
386
238
288
606
403
468
865
1021
467
770
589
792
806
93
642
228
190
990
872
827
225
834
532
1004
748
515
876
598
664
902
396
821
124
406
105
699
979
785
436
227
384
737
2
2
79
814
297
414
638
210
1005
388
124
782
220
789
240
891
630
225
509
579
145
631
964
656
764
122
43
837
867
760
989
1005
626
504
147
496
61
82
145
525
992
196
883
516
610
321
41
659
224
140
65
420
487
518
100
197
545
965
548
984
52
741
757
12
999
547
120
780
135
679
512
630
649
802
847
910
112
281
160
820
753
129
1003
531
85
395
868
284
800
193
324
563
1008
338
205
295
679
426
136
232
716
582
466
244
815
711
406
787
204
325
604
324
242
997
899
1015
677
174
458
124
832
920
278
956
607
742
879
295
251
438
331
493
983
215
783
113
283
474
979
1019
319
108
357
172
811
483
401
952
925
790
160
975
970
114
287
476
840
74
226
498
299
879
840
131
111
1
191
980
918
644
907
429
913
310
452
341
484
416
158
446
518
108
238
1020
518
886
233
507
628
550
814
370
383
1020
775
787
347
364
491
517
486
749
584
915
394
589
896
806
357
583
817
624
167
87
954
491
828
205
1019
386
940
289
92
397
63
134
272
3
868
705
411
491
851
316
401
276
242
598
673
518
501
766
979
568
586
640
526
644
180
158
477
471
694
483
626
45
946
564
492
445
850
424
725
624
807
922
751
408
912
1020
816
479
990
749
267
381
437
654
241
687
949
786
536
100
858
277
891
825
545
559
546
679
493
968
163
635
168
46
1001
135
813
484
308
664
870
318
353
168
433
42
364
852
393
81
51
656
354
863
380
153
468
414
570
299
1020
714
524
245
800
289
519
330
401
697
181
25
214
278
861
31
262
764
133
347
886
130
950
450
148
360
639
565
275
426
700
944
585
85
537
196
469
154
721
839
132
289
444
586
118
416
392
75
636
683
838
428
709
974
41
868
186
985
139
501
550
891
49
158
410
530
976
209
16
194
976
487
462
964
79
275
653
513
617
404
219
736
695
303
190
604
277
221
410
857
425
449
852
56
801
604
696
425
571
4
280
960
651
146
822
332
121
92
869
356
137
99
746
834
991
205
680
85
514
917
765
145
992
897
743
266
18
852
619
193
98
325
55
957
138
689
646
94
575
13
836
751
622
286
882
890
966
364
461
480
630
244
170
40
312
285
805
792
910
493
378
258
331
893
179
737
854
938
388
933
427
14
627
458
674
47
315
815
884
1013
883
806
507
610
619
711
953
125
599
907
540
143
175
22
0
402
469
851
118
743
505
454
708
71
314
286
941
508
781
522
1010
337
227
78
24
327
6
278
364
905
708
906
69
418
208
930
905
622
741
828
370
974
428
364
402
160
992
19
21
751
944
947
583
614
869
385
86
779
324
956
88
42
694
62
655
910
678
337
748
247
811
195
979
457
615
317
542
258
687
464
612
878
491
977
891
30
64
743
571
278
493
866
645
70
115
718
388
188
761
712
307
23
494
529
288
63
496
993
111
339
493
382
289
995
136
524
151
864
190
167
337
208
457
175
508
454
580
99
428
914
657
434
358
693
632
333
737
664
528
1
141
381
483
580
725
181
589
526
673
275
549
746
288
930
159
76
196
659
625
549
910
633
565
949
651
953
15
160
671
59
143
69
641
358
729
843
519
588
515
892
676
545
446
471
303
754
569
736
229
147
834
315
946
986
687
633
940
522
508
562
480
146
821
852
594
248
278
954
319
272
626
513
421
881
209
407
262
41
605
276
104
432
767
718
672
539
197
935
976
146
903
42
559
772
970
983
8
25
228
698
774
361
609
323
174
491
166
593
45
176
212
912
340
977
1007
5
225
934
320
231
512
568
1015
177
273
761
21
117
940
691
649
883
482
959
153
234
198
631
644
46
557
493
358
763
433
222
91
521
764
737
231
992
323
484
662
494
16
985
479
983
325
173
590
268
94
122
995
159
758
509
949
854
652
330
986
1022
904
702
651
513
377
566
132
571
161
638
682
522
179
269
752
164
219
495
123
686
255
2
773
10
69
357
383
1008
213
46
1018
832
224
859
199
278
225
12
221
415
802
751
892
812
130
507
272
389
631
609
344
896
591
703
199
722
443
407
299
548
141
1
396
362
961
156
343
112
442
714
700
949
975
541
84
893
262
524
519
290
543
491
301
683
725
282
1011
159
96
892
0
540
318
554
89
803
563
105
642
310
143
218
743
549
431
753
122
293
966
168
924
546
990
117
65
854
281
889
847
283
317
1018
840
1021
623
19
41
276
575
170
658
145
485
163
550
662
970
83
821
587
587
312
921
814
953
487
733
170
932
581
421
1004
345
1018
73
1010
937
803
196
996
492
839
973
936
582
141
323
689
297
300
974
279
539
802
964
749
442
553
329
463
253
487
443
186
444
101
77
544
115
194
497
60
835
553
124
932
569
768
260
29
211
98
397
946
192
464
485
8
488
291
973
492
940
709
601
814
879
545
154
690
85
600
890
708
74
822
742
428
583
612
563
130
464
223
954
68
962
168
966
294
75
702
689
41
570
329
585
751
889
536
632
462
727
333
293
35
779
87
341
745
758
289
406
394
809
393
413
244
167
788
814
240
236
736
572
943
814
474
82
934
738
304
817
925
898
778
699
258
398
885
527
130
209
415
1014
219
997
330
638
1003
249
123
484
525
978
370
695
934
272
223
827
251
691
83
12
70
477
245
3
520
473
630
861
928
93
583
538
29
780
777
420
849
575
69
433
806
261
605
106
822
617
706
461
661
1011
104
592
1009
369
119
199
990
502
836
903
363
548
383
204
249
935
430
600
333
514
473
93
739
142
391
925
389
447
1002
720
29
938
599
838
712
452
761
205
811
1005
965
213
778
685
432
210
278
189
32
994
7
457
161
944
1003
628
730
152
446
413
191
268
314
736
776
54
240
608
481
990
152
452
483
399
422
640
323
757
542
342
329
394
424
796
4
370
231
703
573
930
775
136
425
840
405
670
866
615
660
717
664
450
205
389
900
1020
614
550
670
1021
438
122
16
664
88
899
874
874
126
376
919
261
136
266
784
78
214
1003
79
803
986
657
647
577
113
312
658
613
627
550
43
178
392
306
861
595
574
135
571
865
345
678
722
263
363
426
348
740
676
976
695
944
234
310
789
291
44
739
244
786
756
776
81
476
828
645
536
4
387
943
992
799
544
593
981
1009
213
241
245
467
679
852
896
343
493
580
425
559
168
144
146
75
274
341
375
66
122
892
810
755
78
644
959
108
378
129
648
523
496
357
580
994
136
895
915
352
779
321
941
302
650
70
852
88
501
404
519
173
745
798
377
616
200
653
321
272
527
319
723
924
996
400
431
987
1007
345
984
275
107
439
648
489
637
14
802
384
708
77
104
997
49
115
1006
427
281
338
974
722
648
146
158
238
473
1018
927
132
131
491
311
440
566
813
930
37
295
495
484
525
168
520
770
690
507
643
369
3
872
91
719
891
397
643
977
583
758
809
125
167
493
572
153
150
147
300
99
941
816
1009
386
69
200
846
61
476
495
87
235
186
477
305
426
211
453
793
84
1008
611
423
175
778
981
852
740
758
939
827
563
72
321
28
996
625
77
166
641
554
436
246
322
790
674
347
969
162
473
604
527
561
841
508
159
630
481
572
258
544
934
226
634
445
2
121
755
728
94
665
54
101
755
872
352
608
988
609
146
176
112
84
235
337
208
686
179
434
956
1019
985
860
171
425
672
981
26
783
149
964
548
430
964
341
851
694
43
479
950
460
879
709
51
266
206
410
543
583
341
904
268
409
83
1010
738
281
13
600
562
486
691
891
710
621
915
450
125
487
141
221
86
290
967
168
970
133
418
850
607
847
748
702
378
31
855
297
628
697
41
270
753
775
822
70
877
350
523
628
24
3
365
672
996
494
258
34
476
717
845
706
183
76
480
541
173
148
460
75
905
529
93
958
768
121
4
109
321
778
405
50
973
19
434
625
137
437
647
763
273
1003
441
50
80
968
664
109
590
0
156
670
584
682
527
562
774
68
775
568
361
1016
151
966
324
285
70
920
108
513
960
763
19
998
204
1001
81
74
382
118
516
876
174
363
730
11
681
48
940
113
549
1007
270
176
379
502
548
556
16
349
439
89
20
489
391
710
112
561
995
91
761
255
888
991
746
505
359
444
913
385
410
775
840
985
343
443
679
907
21
581
1016
776
655
582
747
399
24
148
140
848
558
642
881
210
593
609
56
402
534
838
561
493
375
526
87
63
877
928
645
333
193
114
742
992
286
335
942
947
620
343
263
911
601
327
846
693
568
1018
384
380
271
48
1007
315
1003
911
826
873
119
743
891
3
461
954
962
814
908
764
451
542
811
279
459
822
909
818
761
369
725
435
938
768
635
2
565
821
416
400
473
927
414
25
1011
119
228
806
372
58
1
213
147
664
254
988
703
653
241
716
728
974
975
147
926
870
642
581
618
929
827
540
540
809
10
957
596
879
940
444
741
588
164
99
902
745
653
431
971
476
430
668
852
147
207
418
581
1014
331
640
501
584
359
824
491
78
226
603
262
436
973
646
763
172
925
813
517
216
639
663
215
362
235
298
214
650
380
489
133
504
767
59
576
754
202
750
814
344
335
123
625
14
752
140
159
674
789
699
886
558
892
669
459
384
465
255
964
121
383
623
839
691
965
767
178
358
524
837
973
141
632
678
253
836
701
725
698
885
308
150
834
179
46
456
655
614
904
162
135
297
127
61
884
880
966
594
691
366
470
582
432
54
390
355
786
32
219
105
50
622
33
581
210
559
826
32
780
100
311
667
904
866
549
89
498
375
809
447
427
720
208
503
703
666
928
315
792
872
755
80
1009
725
517
336
909
106
843
429
808
962
518
371
302
491
537
973
939
528
535
203
770
341
929
98
227
515
495
693
887
485
684
402
221
1010
263
832
730
299
775
632
716
199
286
945
480
910
2
929
389
643
184
768
33
197
753
911
514
183
410
601
663
95
431
824
480
268
848
412
547
572
278
648
481
956
423
989
520
785
904
219
106
23
819
997
622
232
874
388
5
255
970
175
736
926
419
74
481
364
775
492
207
355
33
485
77
233
712
128
525
829
84
133
321
21
433
770
850
390
434
75
213
291
423
576
699
105
49
974
967
91
597
441
582
105
720
152
506
150
938
33
599
730
526
934
242
965
89
992
54
614
625
492
600
875
88
915
142
905
769
206
636
287
866
649
495
278
970
680
718
779
885
328
846
176
94
839
100
111
852
518
640
849
592
109
632
543
262
304
706
455
954
593
231
768
85
487
820
305
440
29
691
143
336
637
346
902
746
111
129
859
713
252
922
15
502
472
796
902
216
928
960
1001
4
864
496
328
854
344
380
644
833
256
400
364
99
585
227
550
349
38
560
465
737
75
234
104
525
52
556
489
247
874
495
695
393
770
127
829
655
614
48
725
782
344
844
488
983
819
593
854
861
884
601
280
964
890
986
36
826
394
399
912
650
278
950
763
494
63
892
41
37
664
694
1005
966
301
977
588
724
964
524
479
146
866
484
633
409
529
464
778
551
993
815
707
698
301
895
379
734
543
463
850
579
886
119
916
18
135
774
736
129
642
124
137
166
247
442
828
136
921
54
227
892
321
243
458
687
54
945
768
511
939
609
1
783
649
219
913
666
879
211
1003
7
503
521
539
830
316
705
169
187
921
115
375
992
947
195
748
912
697
691
82
249
1002
24
381
177
344
843
430
517
492
288
439
142
171
796
351
5
311
482
7
599
409
1007
142
1020
317
135
115
645
318
751
569
373
485
477
784
338
364
813
945
252
7
981
138
317
293
27
283
672
498
6
672
391
289
18
496
120
1002
551
165
184
78
716
381
283
162
665
0
794
75
1002
867
550
455
219
173
316
493
368
24
698
117
531
442
625
442
580
356
507
447
908
459
846
112
178
741
402
811
306
918
48
895
235
652
44
820
24
616
948
395
897
286
1017
454
243
670
317
747
1005
692
301
198
668
556
882
557
777
827
131
136
146
282
701
144
407
756
437
86
373
514
973
647
696
757
517
751
396
660
532
61
629
422
696
774
320
18
586
524
58
837
917
959
927
980
232
260
341
610
362
310
218
965
174
874
892
100
135
248
200
739
286
311
836
515
833
647
353
451
254
149
683
972
113
986
323
779
218
613
911
672
498
475
560
1015
384
700
564
52
807
231
909
213
642
353
962
914
883
338
229
392
183
592
197
407
190
992
100
521
186
570
940
372
503
589
349
737
362
771
842
301
396
966
709
432
617
67
344
541
1011
366
438
425
669
966
240
368
549
730
1004
20
689
524
276
167
30
661
587
203
917
713
805
535
863
668
855
701
250
358
364
362
364
227
442
110
983
382
405
29
590
975
706
117
231
866
814
513
785
698
224
508
808
149
557
442
71
626
555
324
606
81
360
323
132
442
731
31
398
0
282
615
736
455
974
628
387
964
356
841
376
708
262
702
844
752
202
734
1005
79
41
653
700
140
690
366
483
506
767
771
233
981
489
278
388
971
504
344
686
186
797
585
506
700
676
855
809
97
868
74
504
315
569
991
573
416
692
435
562
939
16
867
785
388
616
242
993
225
40
107
655
973
962
199
832
681
418
16
486
880
611
199
529
575
323
644
265
788
724
476
537
213
1013
903
301
405
257
706
928
20
326
755
847
644
697
140
1010
659
487
305
684
677
559
797
992
97
559
962
839
112
124
431
575
897
150
439
102
145
27
848
616
105
58
57
789
616
875
864
695
642
861
770
162
137
816
532
780
171
485
226
287
317
275
246
845
439
987
59
484
767
541
866
482
234
1004
901
10
256
320
778
567
639
491
459
753
931
463
115
830
37
333
811
698
257
513
887
490
381
940
346
718
359
369
961
949
158
837
31
85
980
929
340
283
657
377
467
192
635
626
260
29
982
336
999
64
839
173
251
703
221
497
862
76
81
126
309
394
653
299
334
544
108
500
4
523
705
496
867
312
922
387
653
338
198
724
92
473
916
641
329
628
478
146
141
904
70
428
134
265
448
135
603
912
81
930
227
942
790
822
707
897
391
872
983
644
1021
706
468
939
370
228
43
432
648
375
816
423
461
867
635
985
318
66
654
719
266
20
441
173
920
308
59
706
714
139
938
860
644
515
405
481
104
318
359
283
228
649
398
980
367
11
989
931
15
834
303
517
31
689
78
943
79
978
19
547
492
338
206
898
354
381
231
161
1023
248
198
350
761
430
497
821
947
524
372
526
316
113
390
857
792
736
617
861
324
761
658
205
372
551
522
669
415
538
276
19
957
376
528
801
720
207
671
242
289
975
8
195
972
694
731
244
894
11
468
607
638
655
1
488
1002
881
551
85
68
193
867
97
813
39
269
779
623
469
481
564
577
954
97
361
711
248
117
254
729
409
85
860
5
637
168
155
983
407
1006
84
599
602
283
432
468
621
388
453
992
678
511
35
924
54
838
425
310
545
413
414
687
754
949
253
482
684
207
15
962
259
548
575
227
972
901
43
828
435
831
1015
299
300
321
998
441
940
385
811
544
280
411
252
138
894
443
489
28
771
190
876
563
540
916
449
237
513
1001
1015
748
863
516
584
86
845
495
678
288
130
984
918
141
197
951
321
497
676
49
200
699
873
188
473
434
330
773
640
895
480
911
319
108
219
412
352
875
755
592
394
602
290
788
147
901
16
825
149
109
975
221
68
456
968
275
638
200
757
830
36
416
81
958
41
837
909
463
488
113
517
173
443
494
1010
1021
969
529
481
872
287
389
612
393
771
329
7
521
132
508
901
776
598
89
572
447
221
766
223
612
136
369
619
846
96
100
860
858
737
824
288
909
264
705
460
1019
941
329
14
999
787
983
866
299
190
177
137
731
900
799
568
805
487
114
525
123
674
581
454
501
898
515
181
752
631
425
367
508
235
461
965
757
338
224
757
111
771
944
33
87
70
816
255
984
686
892
723
636
425
24
410
148
853
376
904
217
917
966
181
339
357
735
788
890
618
927
676
924
205
606
490
894
842
698
670
70
900
151
677
920
668
613
319
0
1
162
130
144
650
671
775
970
962
134
483
448
387
668
728
377
454
452
717
407
185
325
124
55
274
460
875
537
675
437
797
257
815
646
649
348
381
956
971
807
682
715
26
525
451
96
1018
207
404
745
946
1001
186
599
1
883
0
290
781
69
744
654
412
94
647
558
134
647
662
166
619
307
199
436
417
170
597
882
624
102
991
725
386
957
886
378
661
449
245
162
883
101
144
379
804
737
944
673
354
855
1023
740
589
950
190
332
608
479
607
602
676
774
80
657
291
603
277
565
416
746
153
595
645
192
198
769
541
336
83
743
3
789
989
1022
731
120
314
408
575
499
266
929
252
887
654
804
895
267
446
16
650
695
917
61
556
928
176
938
239
116
535
521
851
264
91
381
891
320
225
674
295
304
381
462
482
128
578
406
381
277
409
660
699
237
657
104
78
843
374
1021
514
277
677
782
569
122
926
232
919
983
603
113
766
988
737
873
445
235
788
752
4
960
207
328
924
343
564
221
724
522
65
130
959
1019
932
254
924
177
977
967
662
518
81
781
942
576
93
762
245
894
171
57
1022
598
904
949
659
956
807
931
935
549
569
450
140
493
701
737
614
246
794
931
992
403
363
639
797
164
282
778
1010
770
688
633
594
541
491
353
265
995
530
706
173
484
133
68
722
948
408
960
382
145
929
514
733
70
80
718
309
847
63
544
795
574
202
696
1000
94
33
470
103
405
923
67
976
911
78
144
250
536
476
674
972
714
911
111
757
1001
937
2
476
651
245
709
730
1020
674
511
424
608
593
156
531
154
109
557
759
365
699
815
362
481
306
656
56
745
268
111
912
578
541
548
252
670
612
896
918
770
992
341
122
365
164
313
887
186
302
648
10
455
245
168
652
983
321
657
426
53
575
908
22
283
597
314
636
977
947
729
440
537
43
451
326
715
834
823
505
445
647
860
240
741
35
387
711
194
946
429
778
503
337
845
1007
570
760
335
580
620
11
856
422
9
811
80
244
963
594
542
771
874
287
690
915
783
366
585
130
361
556
748
832
888
106
314
643
871
687
616
60
695
659
902
969
922
137
516
108
413
509
372
1020
394
415
657
474
141
510
897
551
661
600
343
308
1021
432
732
826
620
34
143
76
250
628
490
137
916
1005
999
150
417
618
195
588
997
174
258
429
422
762
435
541
270
477
1013
975
721
846
442
381
272
504
971
604
380
725
269
79
702
254
770
602
279
962
914
858
579
757
12
244
164
394
360
716
412
613
463
503
827
874
861
178
282
730
37
596
134
735
885
897
993
869
92
673
326
556
362
144
108
283
439
407
973
728
806
668
263
405
491
661
130
45
331
67
83
367
419
28
608
441
940
649
453
714
253
593
887
465
466
853
551
969
11
383
362
9
888
1013
22
279
851
146
495
958
270
918
131
96
80
924
850
653
58
461
818
723
494
596
242
728
82
273
830
935
273
658
962
584
739
319
915
659
271
724
714
69
46
533
882
596
49
189
932
128
933
439
752
811
54
912
767
362
114
813
887
348
720
697
287
699
497
226
68
944
549
69
603
1004
49
806
743
500
336
869
925
700
119
685
966
888
221
751
742
431
443
783
667
401
848
989
967
650
297
326
753
535
415
972
1001
217
673
563
171
488
948
893
902
105
311
281
126
867
236
344
494
974
948
544
114
237
154
996
515
734
275
211
100
880
644
80
702
308
261
675
647
215
869
238
935
174
110
354
990
659
362
946
352
1008
486
456
195
25
181
184
539
223
568
498
356
354
989
187
544
806
230
990
576
361
108
926
72
692
163
1008
175
177
863
743
644
572
983
880
856
956
425
63
599
436
287
777
696
405
177
1012
344
215
971
332
417
583
720
887
433
419
94
299
440
356
980
990
674
731
273
126
1015
127
383
99
255
646
593
642
297
434
8
227
941
110
828
597
625
537
665
96
42
162
552
379
451
85
975
895
770
500
284
604
617
778
574
778
90
124
596
707
383
865
235
624
105
19
193
609
631
902
975
576
1018
729
135
328
918
299
91
690
236
944
894
624
629
4
494
542
689
191
434
566
130
73
608
899
722
496
483
216
892
311
635
257
362
881
517
250
507
911
637
607
423
55
961
548
997
22
664
902
588
118
242
833
761
531
882
772
562
42
41
290
840
468
677
138
194
402
298
249
951
809
831
878
636
944
364
735
640
999
579
298
371
202
157
78
430
614
806
987
463
236
284
679
931
4
83
195
586
99
125
429
917
928
936
711
179
579
8
520
525
32
759
242
622
739
314
964
359
747
134
240
242
604
578
207
597
623
911
404
585
781
646
895
92
157
192
339
404
26
796
265
597
360
700
198
900
1000
849
11
749
330
665
299
738
674
294
771
293
958
96
741
265
183
461
725
211
455
912
1016
614
346
560
329
800
104
923
654
767
257
875
907
776
810
103
885
745
999
845
169
477
665
719
158
720
138
219
24
964
711
287
927
115
558
205
48
53
455
923
50
805
856
527
171
639
563
249
692
77
83
577
299
579
423
738
679
999
430
567
945
1013
836
630
305
257
700
634
806
350
558
197
922
575
18
965
470
540
14
854
466
599
525
905
1007
32
913
163
232
150
842
105
518
46
743
155
404
345
812
703
915
609
581
287
687
660
90
277
369
677
611
646
949
79
830
173
95
315
766
26
842
292
135
506
897
825
344
152
434
707
935
292
735
775
691
692
855
622
342
648
485
227
729
402
839
381
525
821
481
862
663
334
435
475
140
369
137
989
574
885
625
646
85
306
626
792
33
905
891
19
46
165
410
414
793
897
878
296
163
170
991
79
260
71
12
769
642
342
389
225
321
568
187
492
349
624
949
604
822
424
260
460
523
1012
760
414
203
859
788
666
295
660
448
471
236
269
574
223
400
50
735
270
522
491
375
571
743
102
14
155
155
792
472
481
21
254
104
426
406
41
288
281
450
633
748
446
248
937
48
957
223
139
254
812
65
917
397
188
285
669
230
412
247
481
993
666
883
74
80
652
802
242
122
1006
156
483
715
460
975
34
457
995
918
236
74
515
910
63
484
695
37
156
934
296
243
12
261
575
334
609
281
266
792
190
10
609
988
601
197
969
25
640
755
408
222
986
299
90
919
240
870
372
39
491
436
775
311
927
814
791
717
969
300
493
800
661
696
953
427
356
66
380
128
715
917
293
991
991
9
250
7
688
762
570
332
531
122
769
618
677
67
875
281
268
751
508
225
384
876
832
48
139
170
174
938
268
918
722
960
898
332
684
132
647
392
595
955
155
350
221
308
803
556
387
345
689
204
513
516
134
270
60
404
342
357
807
63
331
736
743
938
332
348
54
182
382
1017
773
925
267
458
101
575
803
721
935
182
321
298
706
48
688
646
502
1022
333
475
687
232
910
346
428
708
963
162
96
71
156
819
409
282
748
805
351
560
172
26
31
88
323
625
265
270
773
700
950
407
505
372
270
77
991
748
873
55
369
900
500
732
234
31
855
89
453
727
916
434
455
1007
306
358
831
776
412
582
141
152
196
134
225
921
11
277
581
894
101
810
222
619
952
32
878
933
390
387
286
584
716
363
123
56
298
264
958
345
323
383
592
771
103
756
909
944
368
488
713
760
233
710
144
448
118
952
306
686
367
191
127
736
719
515
720
733
589
104
839
971
200
97
855
227
488
777
902
291
771
368
369
322
317
562
785
489
756
335
830
544
91
566
881
519
868
35
718
454
740
171
610
198
242
150
681
290
143
748
595
856
653
594
583
581
425
151
745
848
507
139
664
741
912
528
379
293
85
115
638
731
310
764
407
690
648
963
846
678
932
198
380
441
469
825
339
487
629
285
670
603
82
276
74
483
87
116
550
418
360
922
999
5
909
129
367
1016
595
915
79
89
623
702
650
940
677
715
668
17
1000
747
186
884
195
659
348
4
1015
394
249
230
614
577
273
810
47
610
625
766
283
427
179
289
56
765
772
155
707
944
554
172
587
298
965
770
532
176
724
558
954
379
380
89
790
271
5
563
357
456
294
557
935
950
898
1000
70
939
114
1005
1016
145
5
926
486
769
581
365
782
786
444
331
230
111
823
355
834
173
714
777
375
987
532
1005
705
858
964
917
482
751
92
266
12
22
54
209
769
921
708
796
633
354
795
578
196
653
435
365
688
450
872
914
685
450
453
679
815
575
130
784
84
753
75
858
199
230
708
43
484
538
969
121
797
839
1018
507
156
1022
119
477
297
247
1000
440
847
166
193
193
442
526
196
321
740
474
455
581
1009
426
951
406
727
427
989
491
961
106
352
350
438
234
779
29
629
756
593
866
420
430
910
165
810
111
912
272
218
466
598
307
849
265
791
249
545
372
391
986
815
114
85
339
345
376
248
403
604
96
171
632
1013
515
694
185
71
777
1008
357
381
256
898
908
176
428
237
571
11
158
847
686
45
776
482
706
206
464
453
937
166
483
255
225
138
716
705
871
473
901
235
296
22
397
722
184
470
570
320
326
221
593
957
720
388
980
781
659
350
539
250
966
282
38
340
135
427
306
53
790
167
906
393
833
1005
416
462
31
139
348
25
513
223
436
346
166
508
637
224
430
78
641
544
849
898
977
946
849
416
605
924
557
378
193
211
664
74
866
511
297
663
442
383
84
88
496
685
153
92
684
99
251
745
809
190
948
932
396
545
807
688
884
381
790
282
210
464
533
117
251
236
831
449
507
378
39
914
556
574
786
878
8
669
355
630
60
92
598
328
509
682
497
805
415
609
56
79
356
905
161
949
146
30
455
978
200
18
354
723
401
662
119
504
570
150
972
60
481
130
159
56
463
852
407
325
520
719
1019
993
31
260
290
340
79
283
43
659
200
336
1006
612
839
572
305
707
233
854
288
388
65
185
1015
59
424
552
2
857
468
847
199
151
685
331
642
152
603
365
465
969
164
315
945
653
629
952
425
151
958
998
581
918
899
136
454
280
561
300
792
936
558
105
260
826
691
870
935
202
222
667
547
319
771
988
148
917
580
403
582
571
609
845
37
954
977
888
884
664
17
618
194
124
60
678
794
146
476
603
891
305
511
558
135
188
654
313
639
454
475
596
879
633
121
659
934
824
336
272
617
131
1008
1002
745
27
294
653
370
359
461
308
228
279
999
429
103
7
493
348
347
358
99
131
398
23
430
705
434
855
42
216
14
673
632
947
883
206
533
167
626
641
49
761
716
962
190
672
298
233
967
77
270
702
259
681
266
478
426
221
816
353
135
600
457
185
79
972
74
221
49
378
131
168
686
688
26
123
683
656
568
298
708
530
386
534
740
845
587
662
18
498
263
668
654
281
259
661
541
576
852
656
161
400
526
163
748
867
950
650
982
772
761
658
397
693
669
950
301
247
441
263
145
773
33
81
616
162
805
1019
139
276
635
47
142
369
377
827
660
25
135
311
616
388
725
744
714
574
73
997
775
559
956
1016
717
288
357
967
60
123
405
180
64
594
933
1
287
419
301
312
846
987
375
970
137
920
308
1014
290
